3198300.000000 
3198378.000000 
3198456.000000 
3198503.000000 
3198566.000000 
3198644.000000 
3198691.000000 
3198753.000000 
3198816.000000 
3198878.000000 
3198941.000000 
3199003.000000 
3199066.000000 
3199128.000000 
3199191.000000 
3199253.000000 
3199316.000000 
3199378.000000 
3199441.000000 
3199503.000000 
3199566.000000 
3199628.000000 
3199691.000000 
3199753.000000 
3199816.000000 
3199878.000000 
3199941.000000 
3200003.000000 
3200066.000000 
3200128.000000 
3200191.000000 
3200253.000000 
3200316.000000 
3200378.000000 
3200441.000000 
3200503.000000 
3200566.000000 
3200628.000000 
3200691.000000 
3200753.000000 
3200816.000000 
3200878.000000 
3200941.000000 
3201003.000000 
3201066.000000 
3201128.000000 
3201191.000000 
3201253.000000 
3201316.000000 
3201378.000000 
3201441.000000 
3201503.000000 
3201566.000000 
3201628.000000 
3201691.000000 
3201753.000000 
3201816.000000 
3201878.000000 
3201941.000000 
3202003.000000 
3202066.000000 
3202128.000000 
3202191.000000 
3202253.000000 
3202316.000000 
3202378.000000 
3202441.000000 
3202503.000000 
3202566.000000 
3202628.000000 
3202691.000000 
3202753.000000 
3202816.000000 
3202878.000000 
3202941.000000 
3203003.000000 
3203066.000000 
3203128.000000 
3203191.000000 
3203253.000000 
3203316.000000 
3203378.000000 
3203441.000000 
3203503.000000 
3203566.000000 
3203628.000000 
3203691.000000 
3203753.000000 
3203816.000000 
3203878.000000 
3203941.000000 
3204003.000000 
3204066.000000 
3204128.000000 
3204191.000000 
3204253.000000 
3204316.000000 
3204378.000000 
3204441.000000 
3204503.000000 
